500
500
500
500
500
500
500
500
500
500
500
500
500
500
500
500
500
500
500
500
184
381
500
500
500
500
500
500
500
500
500
500
500
500
500
255
500
500
500
500
500
204
500
500
500
370
500
500
88
259
500
500
300
133
500
322
500
500
500
51
500
500
500
500
500
500
27
500
158
52
23
53
89
36
500
26
56
500
37
288
21
19
30
20
22
20
20
23
20
500
19
27
24
21
19
19
22
20
500
500
500
21
500
29
20
21
19
20
19
19
19
21
19
21
209
26
21
21
19
60
20
20
500
22
19
80
191
43
23
21
19
118
97
22
20
19
21
500
20
19
19
24
20
23
104
20
20
202
19
20
26
19
26
20
38
24
21
25
21
19
20
35
20
29
24
500
500
34
20
22
20
19
77
500
19
23
24
500
27
27
22
22
24
24
20
21
19
22
21
30
22
19
68
23
19
24
21
19
20
23
69
19
24
24
28
19
26
500
22
30
26
24
19
43
20
22
21
21
19
19
23
22
20
500
19
20
21
19
19
20
24
26
19
23
20
21
19
19
22
70
21
22
19
21
19
500
20
21
20
19
19
20
21
19
23
500
27
30
21
24
500
30
21
27
19
20
23
19
20
20
19
25
19
20
19
20
22
19
25
22
22
22
19
27
23
21
19
19
20
21
19
21
21
21
20
19
19
25
19
20
500
21
25
21
20
20
21
19
39
19
20
19
20
22
23
27
23
27
33
25
20
26
27
21
21
25
500
20
20
22
21
23
20
22
20
21
21
19
22
20
23
21
23
19
21
25
21
25
20
31
22
19
21
19
23
19
21
20
27
34
21
20
500
22
22
19
25
26
22
19
19
20
20
20
22
20
21
21
19
22
23
20
19
24
21
26
19
20
500
20
23
500
500
20
24
25
28
23
19
22
20
19
19
22
27
22
25
500
19
21
20
23
24
19
23
22
26
19
22
500
19
23
23
21
23
24
24
20
22
20
19
23
19
32
21
19
26
19
29
23
21
27
21
22
23
22
22
20
20
21
500
24
23
22
20
20
23
22
21
20
23
22
20
19
28
22
25
19
19
19
21
23
22
20
23
22
21
24
20
20
20
25
26
26
19
24
19
24
20
22
27
21
19
22
21
20
25
21
20
23
500
25
22
20
21
23
22
26
19
20
19
23
19
22
21
19
19
25
19
26
22
22
24
24
28
19
19
21
22
20
25
20
23
19
20
23
19
19
21
22
19
20
20
21
20
23
24
21
23
21
36
21
23
24
25
21
20
24
27
19
20
24
20
19
25
19
21
22
21
24
21
22
20
24
20
20
21
19
28
21
20
23
19
25
20
21
23
21
21
21
20
26
19
21
22
22
22
20
20
20
500
21
19
23
21
21
30
19
20
26
19
22
19
19
21
19
20
20
19
21
19
40
20
20
19
23
22
21
24
23
19
22
19
22
24
21
20
20
26
23
19
29
19
20
21
19
20
21
19
22
22
20
24
21
20
21
19
23
19
21
21
22
28
23
20
20
21
24
29
25
23
19
23
21
22
21
28
20
500
21
28
19
19
19
21
20
22
24
19
23
21
21
23
20
20
19
19
22
20
24
25
23
22
23
21
20
21
22
19
30
21
22
22
23
20
27
22
23
21
23
23
20
25
20
21
19
21
20
22
21
21
24
19
23
19
19
23
20
31
19
21
19
26
20
27
22
20
500
25
26
26
21
26
19
20
21
20
20
23
19
19
20
20
24
22
20
24
22
24
22
20
20
22
21
25
19
20
26
19
20
19
21
26
21
20
23
19
22
25
22
23
20
24
20
19
21
24
20
21
19
23
23
19
28
20
22
20
23
24
22
23
21
20
22
25
23
21
19
24
26
19
23
19
21
23
19
20
25
22
20
22
23
21
500
21
22
27
21
27
22
20
21
19
22
28
19
23
19
19
19
21
19
19
23
21
20
21
19
23
24
21
21
25
23
25
24
26
20
22
21
20
25
19
19
19
19
19
19
28
19
19
20
24
25
19
22
19
20
19
21
23
25
22
28
19
19
20
19
19
23
24
27
19
24
21
24
20
21
22
24
19
20
22
20
22
28
19
20
20
19
25
19
27
22
19
21
500
23
19
20
22
23
25
20
22
19
21
19
19
21
19
20
20
22
19
20
19
26
20
20
20
23
24
22
19
23
500
21
21
19
24
21
21
29
21
19
21
25
21
500
24
21
24
500
22
19
23
22
29
20
21
25
20
20
20
19
24
23
19
21
19
26
21
23
19
21
23
21
22
27