422
227
302
377
202
166
171
368
92
152
114
166
102
215
49
119
137
119
109
35
61
102
104
45
65
75
88
64
79
46
45
97
82
65
51
40
68
63
52
76
42
34
40
26
26
35
28
38
21
27
22
33
60
35
31
35
37
34
28
33
31
24
39
22
43
52
20
26
21
20
25
34
24
22
34
23
20
29
32
24
23
25
20
22
23
20
27
22
23
22
22
20
21
22
24
24
25
25
22
21
31
24
25
20
21
24
20
25
20
20
22
25
24
23
22
20
26
30
22
24
22
29
22
24
25
26
28
20
25
24
21
21
20
22
26
22
22
20
25
22
20
22
20
20
21
24
20
20
23
20
27
24
22
23
22
27
22
20
22
25
25
24
21
26
24
22
20
28
24
25
20
24
22
25
30
24
25
23
20
28
24
23
20
22
20
20
26
22
22
22
22
21
44
20
20
21
20
20
26
20
24
22
21
22
23
23
20
24
23
20
20
24
21
20
26
20
20
25
22
26
22
20
23
22
21
20
20
22
20
20
22
22
20
30
25
23
26
23
24
26
20
20
22
25
21
21
21
26
23
20
26
20
26
24
23
20
20
24
25
20
23
23
20
24
20
20
24
20
22
26
27
24
24
20
20
20
20
24
24
24
22
22
22
24
20
26
24
20
22
20
22
20
22
28
20
20
20
22
22
20
24
26
21
21
21
25
20
24
22
24
20
22
22
20
20
22
22
28
26
23
25
20
22
24
20
22
26
22
22
22
20
25
25
22
20
24
23
25
20
20
24
20
20
22
20
24
26
29
24
20
20
24
24
24
29
20
32
30
20
27
22
20
24
23
20
24
20
21
24
21
29
20
24
26
24
20
20
22
27
22
20
23
24
21
23
20
20
21
20
22
24
20
20
24
23
20
21
22
25
25
26
20
22
21
24
25
24
28
20
21
20
27
43
20
23
20
24
20
24
21
20
20
23
22
27
22
20
23
22
20
20
20
24
24
22
22
30
26
22
26
29
22
20
20
26
21
20
26
23
22
29
20
24
20
24
22
20
20
20
20
20
20
23
22
24
22
21
20
20
23
22
20
20
21
23
23
26
20
22
22
20
25
23
22
20
24
24
22
25
21
20
20
30
30
20
20
22
20
21
20
28
22
23
20
22
20
22
20
22
28
22
20
22
23
20
29
24
23
20
22
20
22
24
21
20
22
22
25
20
21
23
22
21
21
21
22
25
20
29
20
20
22
22
24
26
20
20
24
21
20
22
20
25
22
26
21
24
23
20
20
25
24
23
27
23
23
24
22
24
20
20
20
21
25
26
24
32
29
20
23
26
20
22
26
24
25
20
20
24
20
20
20
26
22
24
20
23
22
24
20
22
20
22
22
22
20
23
20
20
25
22
20
27
22
21
21
22
20
24
23
20
20
20
20
22
22
24
20
22
25
23
20
24
26
24
20
20
21
23
20
21
20
20
20
24
22
22
26
22
26
22
35
24
24
22
22
20
24
20
24
21
25
24
23
20
22
23
22
30
22
26
21
22
24
22
24
20
20
21
26
20
36
22
21
20
26
21
24
21
26
21
22
20
21
20
21
21
24
26
24
26
20
21
22
25
22
22
28
24
20
24
20
29
20
24
21
22
26
22
24
22
22
31
22
26
22
26
26
20
20
22
24
20
20
20
24
24
21
23
21
20
22
22
20
23
26
20
22
20
22
21
22
24
20
20
20
20
20
22
22
20
20
21
26
20
22
22
25
24
22
20
21
23
24
23
20
24
24
23
20
26
24
20
24
21
26
24
24
22
23
20
23
22
22
24
22
23
20
23
23
24
20
24
22
22
22
27
20
21
26
20
22
24
21
23
20
22
20
20
25
24
23
20
25
20
20
22
28
26
23
22
20
22
22
29
22
23
22
22
20
22
25
24
20
22
24
20
22
28
21
20
22
23
23
22
24
20
21
21
23
24
24
20
20
21
22
22
20
26
22
22
21
23
20
22
22
24
22
25
22
20
25
22
23
35
20
24
27
25
22
25
24
24
22
20
22
20
20
22
24
22
20
22
21
20
22
20
21
22
26
26
22
22
20
21
22
26
26
22
22
25
22
30
21
20
20
27
26
24
32
20
20
20
22
32
23
26
20
22
23
22
22
26
22
22
22
20
20
20
24
20
22
20
20
27
20
24
22
22
24
21
20
22
20
22
20
20
20
23
20
22
22
25
23
20
26
24
24
21
20
22
20
21
20
24
22
23
20
20
20
24
22
20
23
23
24
22
23
27
21